20
20
@indices:
1 2 4 
1 3 1 2 
2 4 1 4 
2 6 2 3 
2 10 2 2 
2 14 5 
2 17 3 
2 20 4 
3 3 1 2 
3 7 4 
3 11 1 3 
3 14 3 
3 18 1 2 
3 20 1 2 
4 2 6 
4 7 4 
4 13 1 3 
4 19 1 4 
5 6 1 4 
6 10 1 3 
6 12 2 4 
6 14 3 3 
6 16 1 1 2 
6 19 1 3 
7 2 1 1 3 
7 3 1 1 
7 6 2 3 
7 10 1 2 
7 17 1 2 
7 18 2 
8 4 1 4 
9 6 2 3 
9 9 1 5 
9 12 2 2 
10 3 1 3 
10 10 1 2 
10 11 1 2 
10 14 5 
10 15 1 3 
10 19 2 4 
11 2 6 
11 6 1 2 
11 7 1 3 
11 10 1 1 
11 11 1 1 
11 18 1 1 2 
12 9 5 
12 12 2 4 
12 15 2 4 
13 17 2 4 
14 3 2 
14 4 2 
14 11 2 4 
14 15 2 3 
14 18 1 2 2 
14 19 7 
15 2 2 3 
15 5 2 3 
15 7 1 5 
15 9 2 3 
15 11 7 
16 15 4 
17 2 1 4 
17 8 2 2 
17 14 3 
17 19 2 3 
18 1 1 2 
18 3 1 2 
18 7 1 2 
18 10 1 5 
18 14 4 
18 18 2 2 
19 1 4 
19 4 6 
19 7 4 
19 11 2 4 
19 15 2 3 
19 17 1 4 
20 18 1 2 
20 19 4 
