20
20
@indices:
1 2 5 
1 5 3 
1 11 1 2 
1 18 1 2 
2 10 1 1 2 
2 14 1 2 2 
2 15 7 
2 20 5 
3 1 1 3 
3 7 2 3 
3 8 1 3 
3 17 2 3 
4 3 1 1 2 
4 14 1 4 
4 16 2 4 
5 4 2 3 
5 7 1 1 3 
5 8 6 
5 20 2 
6 2 7 
6 10 1 5 
6 12 1 3 
7 2 2 4 
7 4 3 3 
7 16 1 1 3 
7 18 1 1 3 
8 11 4 
8 16 1 2 
8 18 1 2 
9 6 1 4 
9 10 1 1 
10 1 1 2 
10 8 4 
10 12 1 2 
10 15 6 
10 19 1 1 2 
11 2 1 1 2 
11 6 2 3 
11 9 1 4 
11 13 3 3 
11 20 1 2 
12 11 6 
12 15 5 
13 3 2 3 
13 5 5 
13 10 1 3 
14 3 7 
14 5 3 
14 17 1 4 
14 19 2 4 
15 9 1 2 
15 11 2 2 
15 19 7 
16 1 2 2 
16 13 1 3 
16 14 1 5 
16 17 1 4 
17 5 1 4 
17 7 6 
17 18 1 2 2 
18 4 2 4 
18 13 1 4 
18 14 1 5 
18 20 1 3 
19 1 1 3 
19 6 6 
19 7 1 2 2 
19 11 1 1 2 
20 3 1 3 
20 10 1 2 
20 16 5 
20 19 4 
