20
20
@indices:
1 1 1 1 
1 7 1 2 
1 8 1 2 
1 13 4 
1 14 1 2 
1 20 1 1 
2 2 7 
2 4 7 
2 17 7 
2 19 2 4 
3 10 1 1 
3 11 1 3 
4 4 1 5 
4 5 2 3 
4 16 1 4 
4 17 1 3 
5 2 1 5 
5 6 1 2 2 
5 8 7 
5 13 7 
5 15 3 3 
5 19 5 
7 4 1 
7 5 1 
7 10 1 1 1 
7 11 4 
7 16 2 3 
7 17 1 3 
8 2 1 1 2 
8 4 1 1 
8 8 1 5 
8 13 6 
8 17 1 1 
8 19 1 1 2 
9 2 6 
9 4 1 3 
9 10 1 3 
9 11 4 
9 17 1 4 
9 19 2 3 
10 7 1 1 3 
10 14 1 2 
11 7 5 
11 14 1 3 
12 2 2 3 
12 4 1 2 
12 10 2 3 
12 11 7 
12 17 2 3 
12 19 6 
13 2 1 5 
13 4 1 1 1 
13 8 2 3 
13 13 1 5 
13 17 1 2 
13 19 1 3 
14 4 1 2 
14 5 2 
14 10 1 2 2 
14 11 2 3 
14 16 1 3 
14 17 1 2 
16 2 2 4 
16 6 7 
16 8 6 
16 13 2 4 
16 15 2 3 
16 19 7 
17 4 1 3 
17 5 2 3 
17 16 1 4 
17 17 6 
18 10 1 3 
18 11 1 1 3 
19 2 2 2 
19 4 5 
19 17 7 
19 19 1 2 2 
20 1 1 1 
20 7 1 2 
20 8 1 2 
20 13 4 
20 14 1 2 
20 20 1 1 
