20
20
@indices:
1 1 3 
2 15 3 3 
2 18 2 3 
3 2 1 3 
3 3 1 3 
3 6 2 2 
3 9 5 
3 11 1 4 
3 14 2 3 
3 19 1 4 
4 7 1 1 3 
4 12 1 3 
4 16 7 
5 9 1 4 
5 18 1 3 
6 1 2 
6 4 5 
6 5 4 
6 7 2 3 
6 12 4 
6 13 1 1 1 
7 8 6 
7 18 2 3 
7 20 2 2 
8 3 5 
8 15 6 
9 11 7 
9 18 2 2 
10 4 1 4 
10 7 1 2 
10 10 1 1 3 
10 13 2 4 
10 15 3 3 
10 18 2 
11 3 2 2 
11 6 2 3 
11 8 7 
11 11 1 1 3 
11 14 1 1 2 
11 17 6 
12 3 2 2 
12 10 3 3 
13 6 1 2 
13 18 5 
14 1 2 2 
14 3 2 4 
14 13 4 
15 8 2 4 
15 9 2 3 
15 14 1 1 1 
15 16 1 
15 20 3 
16 3 1 4 
16 12 6 
16 20 3 
17 5 1 5 
17 9 1 3 
17 14 1 2 2 
18 2 2 4 
18 7 2 3 
18 10 2 3 
18 12 5 
18 15 2 2 
18 18 1 4 
18 19 2 3 
19 3 2 3 
19 6 3 3 
20 20 3 
