20
20
@indices:
1 11 5 
1 19 5 
2 3 2 4 
2 4 2 3 
2 5 1 1 2 
2 13 7 
2 15 1 1 3 
3 2 7 
3 7 1 2 2 
3 14 1 5 
4 4 1 4 
4 10 2 4 
4 12 2 3 
4 16 6 
4 20 3 
5 2 7 
5 5 1 4 
5 10 2 3 
5 12 1 4 
6 1 1 3 
6 5 6 
6 9 2 2 
6 13 1 2 
6 17 2 2 
6 19 1 5 
7 8 5 
7 17 1 3 
9 4 1 3 
9 14 7 
9 19 5 
10 2 1 4 
10 3 1 1 2 
10 5 6 
10 7 5 
10 9 1 2 
10 10 2 2 
10 13 1 3 
11 8 1 1 
11 11 1 3 
11 12 1 1 
11 14 4 
11 16 7 
11 18 1 4 
11 19 1 5 
12 2 1 1 2 
12 7 1 3 
12 17 1 1 2 
14 4 1 5 
14 13 1 4 
15 2 1 5 
15 4 2 3 
15 8 5 
15 12 2 2 
15 16 1 3 
15 20 1 2 
16 9 1 2 
16 11 2 
16 16 1 4 
16 19 1 4 
17 1 1 2 
17 5 2 4 
17 9 1 1 2 
17 11 1 
17 17 1 3 
18 7 1 1 3 
18 14 6 
18 19 7 
19 6 1 1 3 
19 8 7 
19 16 1 1 3 
19 17 2 3 
19 18 2 4 
20 2 5 
20 10 4 
