20
20
@indices:
1 10 1 2 
1 11 2 
2 1 2 2 
2 5 2 4 
2 7 1 3 
2 14 3 3 
2 16 7 
2 20 2 2 
4 1 1 2 
4 20 1 3 
5 3 1 1 2 
5 4 6 
5 8 2 4 
5 9 2 4 
5 12 1 2 2 
5 13 6 
5 17 1 1 2 
5 18 1 1 3 
6 3 1 3 
6 18 5 
7 1 5 
7 8 2 2 
7 13 7 
7 20 5 
8 9 2 3 
8 12 2 3 
9 3 5 
9 6 1 5 
9 15 2 4 
9 18 1 2 
11 2 1 2 2 
11 5 5 
11 9 1 1 3 
11 12 5 
11 16 1 5 
11 19 1 3 
12 2 6 
12 19 5 
13 4 5 
13 9 1 5 
13 12 3 3 
13 17 2 2 
14 2 1 4 
14 19 1 5 
15 3 5 
15 8 1 1 2 
15 9 1 2 
15 12 1 5 
15 13 2 2 
15 18 1 1 3 
17 1 2 2 
17 5 1 4 
17 7 1 1 3 
17 14 3 3 
17 16 1 4 
17 20 2 2 
19 2 3 3 
19 6 7 
19 8 1 4 
19 10 4 
19 11 4 
19 13 1 4 
19 15 3 3 
19 19 3 3 
