20
20
@indices:
1 19 5 
2 1 5 
2 4 2 3 
2 5 2 3 
2 6 1 4 
2 12 6 
2 16 2 2 
2 17 1 5 
3 6 1 1 
3 9 2 3 
3 13 1 3 
3 15 1 3 
4 2 7 
4 8 1 1 1 
4 13 1 5 
4 15 1 5 
4 19 1 1 2 
5 2 1 2 2 
5 9 1 2 
5 19 1 3 
6 3 2 3 
6 4 1 4 
6 12 3 3 
6 14 7 
6 18 2 
6 19 1 3 
7 6 1 5 
7 10 1 1 3 
8 3 1 2 
8 4 1 3 
8 9 2 4 
8 17 1 1 2 
9 2 5 
9 6 7 
9 11 7 
9 13 7 
9 16 1 2 2 
9 18 2 2 
10 9 4 
10 14 2 4 
11 7 5 
11 12 7 
12 3 2 3 
12 5 1 2 2 
12 8 5 
12 10 2 3 
12 15 1 1 3 
12 19 5 
13 4 1 1 2 
13 12 1 1 3 
13 17 2 3 
13 18 1 3 
14 11 1 5 
14 15 7 
15 2 4 
15 3 1 
15 7 7 
15 9 3 3 
15 17 7 
15 18 2 3 
16 2 3 
16 12 2 3 
16 19 1 3 
17 2 1 2 
17 6 1 5 
17 8 1 5 
17 13 1 1 1 
17 19 1 4 
18 6 2 3 
18 8 2 2 
18 12 3 
18 15 2 2 
19 4 7 
19 5 2 4 
19 9 6 
19 15 1 5 
19 16 2 3 
19 17 1 2 2 
19 20 5 
20 2 5 
